4
linear   essential      -0.250000   0.750000
linear   non-essential   0.000000   1.000000
linear   essential       0.000000   1.000000
linear   essential       0.000000   1.000000

1 5
significant   elliptical     1
	  0.218750  0.268359  0.273438  0.160156
	  0.000400  0.000400  0.000400  0.000400
significant   elliptical     1
	  0.253906  0.171484  0.234375  0.074219
	  0.000400  0.000400  0.000400  0.000400
significant   elliptical     3
	  0.390625  0.178255  0.242188  0.095052
	  0.001236  0.000400  0.000400  0.000400
significant   elliptical     3
	  0.378906  0.263672  0.279948  0.151042
	  0.000400  0.000400  0.000400  0.000400
significant   elliptical     1
	  0.332031  0.263672  0.273438  0.160156
	  0.000400  0.000400  0.000400  0.000400

/ 1
significant   elliptical     8
	  0.279785  0.175391  0.240723  0.087891
	  0.009216  0.000400  0.000400  0.000400

| 2
significant   elliptical     1
	  0.347656  0.178516  0.238281  0.113281
	  0.000400  0.000400  0.000400  0.000400
significant   elliptical     2
	  0.238281  0.182031  0.248047  0.085938
	  0.000400  0.000400  0.000400  0.000400

o 1
significant   elliptical     2
	  0.171875  0.312109  0.238281  0.183594
	  0.000400  0.000400  0.000400  0.000400

3 1
significant   elliptical     1
	  0.156250  0.269531  0.265625  0.136719
	  0.000400  0.000400  0.000400  0.000400

I 2
significant   elliptical    11
	  0.375710  0.183168  0.242543  0.087713
	  0.000775  0.000410  0.000400  0.000400
significant   elliptical     4
	  0.386719  0.246680  0.283203  0.157227
	  0.000400  0.000400  0.000400  0.000523

l 1
significant   elliptical     5
	  0.380469  0.180313  0.247656  0.085156
	  0.000400  0.000400  0.000400  0.000400

4 1
significant   elliptical     5
	  0.360157  0.215234  0.237500  0.170313
	  0.004047  0.000400  0.000400  0.000400

5 1
significant   elliptical     2
	  0.400391  0.283789  0.267578  0.150391
	  0.000400  0.000400  0.000400  0.000400

0 1
significant   elliptical     1
	  0.242188  0.294141  0.246094  0.167969
	  0.000400  0.000400  0.000400  0.000400

‘ 1
significant   elliptical     1
	  0.222656  0.220703  0.269531  0.195313
	  0.000400  0.000400  0.000400  0.000400

) 1
significant   elliptical     1
	  0.367188  0.235938  0.281250  0.148438
	  0.000400  0.000400  0.000400  0.000400

7 2
significant   elliptical     1
	  0.453125  0.237500  0.269531  0.148438
	  0.000400  0.000400  0.000400  0.000400
significant   elliptical     1
	  0.367188  0.195313  0.246094  0.097656
	  0.000400  0.000400  0.000400  0.000400

H 1
significant   elliptical     1
	  0.382813  0.362500  0.242188  0.320313
	  0.000400  0.000400  0.000400  0.000400

G 1
significant   elliptical     1
	  0.332031  0.216406  0.257813  0.183594
	  0.000400  0.000400  0.000400  0.000400

i 1
significant   elliptical     2
	  0.369141  0.205274  0.251954  0.136719
	  0.000400  0.001270  0.000400  0.003052

O 1
significant   elliptical     1
	  0.371094  0.310547  0.238281  0.183594
	  0.000400  0.000400  0.000400  0.000400

U 1
significant   elliptical     1
	  0.464844  0.292188  0.265625  0.183594
	  0.000400  0.000400  0.000400  0.000400

9 1
significant   elliptical     1
	  0.382813  0.219141  0.253906  0.167969
	  0.000400  0.000400  0.000400  0.000400

ﬂ 1
significant   elliptical     2
	  0.392578  0.532422  0.226563  0.154297
	  0.000400  0.009346  0.000400  0.000400

J 1
significant   elliptical     1
	  0.363281  0.268750  0.222656  0.089844
	  0.000400  0.000400  0.000400  0.000400

* 1
significant   elliptical     2
	  0.371094  0.071094  0.101563  0.003906
	  0.000400  0.000400  0.000400  0.000400

ﬁ 1
significant   elliptical     1
	  0.433594  0.598047  0.218750  0.164063
	  0.000400  0.000400  0.000400  0.000400
