25
NULL 0 NULL 0
1 8 0,255,0,255,0,32767,0,32767,0,32767 NULL 1 0 0 	# 1 [31 ]0
/ 10 0,255,0,255,0,32767,0,32767,0,32767 NULL 2 0 0 	# / [2f ]p
| 10 0,255,0,255,0,32767,0,32767,0,32767 NULL 3 0 0 	# | [7c ]p
o 3 0,255,0,255,0,32767,0,32767,0,32767 NULL -1 0 0 	# o [6f ]a
3 8 0,255,0,255,0,32767,0,32767,0,32767 NULL 5 0 0 	# 3 [33 ]0
I 5 0,255,0,255,0,32767,0,32767,0,32767 NULL 16 0 0 	# I [49 ]A
l 3 0,255,0,255,0,32767,0,32767,0,32767 NULL -1 0 0 	# l [6c ]a
4 8 0,255,0,255,0,32767,0,32767,0,32767 NULL 8 0 0 	# 4 [34 ]0
5 8 0,255,0,255,0,32767,0,32767,0,32767 NULL 9 0 0 	# 5 [35 ]0
0 8 0,255,0,255,0,32767,0,32767,0,32767 NULL 10 0 0 	# 0 [30 ]0
‘ 10 0,255,0,255,0,32767,0,32767,0,32767 NULL 11 0 0 	# ‘ [2018 ]p
) 10 0,255,0,255,0,32767,0,32767,0,32767 NULL 12 0 0 	# ) [29 ]p
7 8 0,255,0,255,0,32767,0,32767,0,32767 NULL 13 0 0 	# 7 [37 ]0
H 5 0,255,0,255,0,32767,0,32767,0,32767 NULL -1 0 0 	# H [48 ]A
G 5 0,255,0,255,0,32767,0,32767,0,32767 NULL -1 0 0 	# G [47 ]A
i 3 0,255,0,255,0,32767,0,32767,0,32767 NULL 6 0 0 	# i [69 ]a
O 5 0,255,0,255,0,32767,0,32767,0,32767 NULL 4 0 0 	# O [4f ]A
U 5 0,255,0,255,0,32767,0,32767,0,32767 NULL -1 0 0 	# U [55 ]A
9 8 0,255,0,255,0,32767,0,32767,0,32767 NULL 19 0 0 	# 9 [39 ]0
ﬂ 3 0,255,0,255,0,32767,0,32767,0,32767 NULL 20 0 0 	# ﬂ [fb02 ]a
J 5 0,255,0,255,0,32767,0,32767,0,32767 NULL -1 0 0 	# J [4a ]A
* 10 0,255,0,255,0,32767,0,32767,0,32767 NULL 22 0 0 	# * [2a ]p
" 10 0,255,0,255,0,32767,0,32767,0,32767 NULL 23 0 0 	# " [22 ]p
ﬁ 3 0,255,0,255,0,32767,0,32767,0,32767 NULL 24 0 0 	# ﬁ [fb01 ]a
