11
NULL 0 NULL 0
4 8 0,255,0,255,0,32767,0,32767,0,32767 NULL 1 0 0 	# 4 [34 ]7
7 8 0,255,0,255,0,32767,0,32767,0,32767 NULL 2 0 0 	# 7 [37 ]7
6 8 0,255,0,255,0,32767,0,32767,0,32767 NULL 3 0 0 	# 6 [36 ]7
1 8 0,255,0,255,0,32767,0,32767,0,32767 NULL 4 0 0 	# 1 [31 ]7
8 8 0,255,0,255,0,32767,0,32767,0,32767 NULL 5 0 0 	# 8 [38 ]7
9 8 0,255,0,255,0,32767,0,32767,0,32767 NULL 6 0 0 	# 9 [39 ]7
3 8 0,255,0,255,0,32767,0,32767,0,32767 NULL 7 0 0 	# 3 [33 ]7
5 8 0,255,0,255,0,32767,0,32767,0,32767 NULL 8 0 0 	# 5 [35 ]7
0 8 0,255,0,255,0,32767,0,32767,0,32767 NULL 9 0 0 	# 0 [30 ]7
2 8 0,255,0,255,0,32767,0,32767,0,32767 NULL 10 0 0 	# 2 [32 ]7
